e = 2.71828183
pi = 3.14159265
- sqrt(2) = -1.4142136
