>> A(1:2,:)
  ans = 
        1   2   3
        4   5   6

