>> A([1 3],:)
  ans = 
        1   2   3
        7   8   9

>> A([1 3],[2 3])
   ans = 
          2    3 
          8    9


